0.0 0.0 0.0 
0.0096 0.0889 0.1238 
-0.0433 0.1177 0.1002 
0.0097 0.2121 0.0778 
0.0097 0.2121 0.0778 
0.009 0.2245 0.0727 
0.009 0.2245 0.0727 
0.0151 0.1904 0.0727 
0.0151 0.1904 0.0727 
0.013 0.198 0.0704 
0.0109 0.2121 0.0697 
0.0205 0.1946 0.0697 
0.0101 0.2345 0.0677 
0.0101 0.2345 0.0677 
0.0144 0.2078 0.0657 
0.0118 0.2245 0.0649 
0.0214 0.1904 0.0649 
0.0227 0.1525 0.0649 
0.0228 0.1495 0.0649 
0.009 0.2432 0.0634 
0.009 0.2432 0.0634 
0.0077 0.2639 0.0625 
0.0273 0.2565 0.0616 
0.0282 0.1993 0.0616 
0.0313 0.1892 0.0616 
0.023 0.2793 0.0615 
0.0325 0.184 0.0571 
0.0366 0.1495 0.0571 
0.0402 0.1841 0.0558 
0.0496 0.08 0.0558 
0.028 0.2072 0.0519 
0.006 0.2807 0.0507 
0.006 0.2807 0.0507 
0.0052 0.3354 0.0503 
0.0052 0.3354 0.0503 
0.0059 0.3282 0.0501 
0.0059 0.3282 0.0501 
0.0073 0.324 0.05 
0.0073 0.324 0.05 
0.0084 0.322 0.0497 
0.0084 0.322 0.0497 
0.0129 0.3234 0.0483 
0.0129 0.3234 0.0483 
0.0247 0.3253 0.0474 
0.0062 0.3282 0.0458 
0.0062 0.3282 0.0458 
0.0057 0.3354 0.0456 
0.0057 0.3354 0.0456 
0.0072 0.347 0.0428 
0.0072 0.347 0.0428 
0.0079 0.3354 0.0408 
0.0079 0.3354 0.0408 
0.0298 0.2135 0.0397 
0.0298 0.2135 0.0397 
0.0329 0.1992 0.0394 
0.0329 0.1992 0.0394 
0.0085 0.3282 0.0383 
0.0085 0.3282 0.0383 
0.06 0.2989 0.0365 
0.0746 0.1962 0.0365 
-0.0307 0.3541 0.035 
-0.0307 0.3541 0.035 
0.0585 0.4011 0.031 
0.0126 0.4041 -0.0077 
0.042 0.4123 -0.0079 
0.0077 0.4494 -0.0102 
0.0154 0.4138 -0.0109 
0.0676 0.3495 -0.0131 
0.0753 0.2776 -0.0131 
0.0154 0.4141 -0.016 
0.0262 0.4163 -0.017 
0.0262 0.4163 -0.017 
0.0146 0.4486 -0.0171 
0.0306 0.4135 -0.0171 
0.0306 0.4135 -0.0171 
0.0312 0.4134 -0.0174 
0.0312 0.4134 -0.0174 
0.0151 0.4314 -0.0183 
0.0319 0.415 -0.0184 
0.0319 0.415 -0.0184 
0.0158 0.4194 -0.0199 
0.0315 0.4175 -0.0207 
0.0315 0.4175 -0.0207 
0.0349 0.4242 -0.021 
0.0406 0.4133 -0.0211 
0.0406 0.4133 -0.0211 
0.0424 0.4163 -0.022 
0.0424 0.4163 -0.022 
0.0475 0.4177 -0.0238 
0.0475 0.4177 -0.0238 
0.0509 0.4272 -0.0239 
0.0509 0.4272 -0.0239 
0.0172 0.4314 -0.0244 
0.0588 0.4306 -0.0267 
-0.0093 0.4613 -0.0275 
0.0473 0.4584 -0.0281 
0.0473 0.4584 -0.0281 
0.0478 0.448 -0.0281 
0.0478 0.448 -0.0281 
0.0463 0.4984 -0.0282 
0.0463 0.4984 -0.0282 
0.0508 0.4461 -0.0282 
0.0508 0.4461 -0.0282 
0.0514 0.4413 -0.0284 
0.0514 0.4413 -0.0284 
0.0467 0.4947 -0.0289 
0.0467 0.4947 -0.0289 
0.0527 0.437 -0.0289 
0.0527 0.437 -0.0289 
0.0475 0.4956 -0.03 
0.0475 0.4956 -0.03 
0.0605 0.3513 -0.0302 
0.0693 0.3112 -0.0302 
0.062 0.3591 -0.0305 
0.0681 0.3356 -0.0305 
0.072 0.312 -0.0305 
0.0703 0.3444 -0.0314 
0.072 0.3265 -0.0314 
0.0467 0.4984 -0.0324 
0.0467 0.4984 -0.0324 
0.0471 0.4976 -0.0324 
0.0471 0.4976 -0.0324 
0.0492 0.4692 -0.033 
0.0492 0.4692 -0.033 
0.0599 0.3602 -0.033 
0.0599 0.3602 -0.033 
0.0477 0.4956 -0.0331 
0.0598 0.368 -0.0333 
0.0598 0.368 -0.0333 
0.0595 0.3727 -0.0336 
0.0595 0.3727 -0.0336 
0.0607 0.372 -0.0336 
0.0607 0.372 -0.0336 
0.0635 0.358 -0.0336 
0.0635 0.358 -0.0336 
0.048 0.5053 -0.0338 
0.048 0.5053 -0.0338 
0.0549 0.4321 -0.034 
0.0549 0.4321 -0.034 
0.0727 0.3891 -0.034 
0.0813 0.3368 -0.034 
0.0487 0.4976 -0.0345 
0.0487 0.4976 -0.0345 
0.0485 0.5002 -0.0352 
0.0485 0.5002 -0.0352 
0.0595 0.3923 -0.0357 
0.0509 0.5032 -0.0363 
0.0509 0.5032 -0.0363 
0.0645 0.419 -0.0382 
0.0645 0.419 -0.0382 
0.0575 0.4311 -0.0391 
0.0515 0.4527 -0.0396 
0.0512 0.4564 -0.0397 
0.0536 0.4529 -0.0397 
0.0732 0.3583 -0.0403 
0.0591 0.4258 -0.0405 
0.0753 0.3639 -0.0405 
0.0542 0.4327 -0.0409 
0.0519 0.5002 -0.0411 
0.0728 0.3699 -0.0411 
0.0527 0.5032 -0.0424 
0.0674 0.4084 -0.0424 
0.0674 0.4084 -0.0424 
0.0706 0.3904 -0.0424 
0.0492 0.5181 -0.0427 
0.0638 0.4242 -0.0434 
0.0677 0.4042 -0.0435 
0.0799 0.3639 -0.0435 
0.0543 0.4437 -0.0438 
0.0575 0.4399 -0.0438 
0.058 0.4311 -0.0441 
0.0752 0.3826 -0.0441 
0.0536 0.4668 -0.0446 
0.0604 0.5064 -0.0453 
0.0813 0.4084 -0.0455 
0.0744 0.4157 -0.0465 
0.0848 0.3664 -0.0465 
0.0759 0.4285 -0.047 
0.0837 0.3979 -0.047 
0.0886 0.3699 -0.047 
0.0706 0.4737 -0.0486 
0.0859 0.4117 -0.0486 
0.0882 0.3904 -0.0486 
0.0887 0.4707 -0.0525 
0.0995 0.4043 -0.0525 
0.0621 0.4764 -0.0762 
0.0621 0.4764 -0.0762 
0.0638 0.4816 -0.0766 
0.0638 0.4816 -0.0766 
0.0634 0.4867 -0.0778 
0.0634 0.4867 -0.0778 
0.0631 0.4927 -0.0781 
0.0631 0.4927 -0.0781 
0.0648 0.4965 -0.0786 
0.0648 0.4965 -0.0786 
0.0707 0.4709 -0.0786 
0.0707 0.4709 -0.0786 
0.0646 0.5005 -0.0798 
0.0646 0.5005 -0.0798 
0.0706 0.4757 -0.0798 
0.0706 0.4757 -0.0798 
0.0286 0.531 -0.0802 
0.0653 0.4916 -0.0803 
0.0653 0.4916 -0.0803 
0.0716 0.4712 -0.0807 
0.0716 0.4712 -0.0807 
0.0596 0.531 -0.0819 
0.0596 0.531 -0.0819 
0.0703 0.4826 -0.0819 
0.0703 0.4826 -0.0819 
0.0664 0.5047 -0.0821 
0.0664 0.5047 -0.0821 
0.0724 0.4804 -0.0821 
0.0724 0.4804 -0.0821 
0.0609 0.5345 -0.0824 
0.0609 0.5345 -0.0824 
0.0721 0.4861 -0.0824 
0.0721 0.4861 -0.0824 
0.0608 0.5383 -0.0833 
0.0608 0.5383 -0.0833 
0.0722 0.4899 -0.0833 
0.0722 0.4899 -0.0833 
0.0624 0.5422 -0.0851 
0.0624 0.5422 -0.0851 
0.0739 0.4939 -0.0851 
0.0739 0.4939 -0.0851 
0.0676 0.5005 -0.0864 
0.0741 0.4712 -0.0864 
0.0798 0.473 -0.0885 
0.0686 0.5047 -0.0886 
0.0745 0.4804 -0.0886 
0.0635 0.5383 -0.0892 
0.0749 0.4899 -0.0892 
0.0728 0.5291 -0.0897 
0.0728 0.5291 -0.0897 
0.0735 0.5316 -0.09 
0.0735 0.5316 -0.09 
0.0745 0.5348 -0.0903 
0.0745 0.5348 -0.0903 
0.0745 0.5384 -0.0905 
0.0745 0.5384 -0.0905 
0.0645 0.5422 -0.0909 
0.076 0.4939 -0.0909 
0.0549 0.5426 -0.0911 
0.0549 0.5426 -0.0911 
0.0759 0.5421 -0.0911 
0.0759 0.5421 -0.0911 
0.086 0.4725 -0.0911 
0.086 0.4725 -0.0911 
0.0803 0.4849 -0.0941 
0.07 0.5462 -0.0953 
0.0813 0.4978 -0.0953 
0.0769 0.5384 -0.0957 
0.0345 0.558 -0.0964 
0.0345 0.558 -0.0964 
0.0778 0.5421 -0.0964 
0.0886 0.4725 -0.0964 
0.0346 0.5576 -0.0973 
0.0346 0.5576 -0.0973 
0.0348 0.5561 -0.0979 
0.0348 0.5561 -0.0979 
0.063 0.5463 -0.0983 
0.0829 0.5458 -0.0983 
0.094 0.475 -0.0983 
0.042 0.5619 -0.0997 
0.0492 0.5492 -0.1004 
0.0346 0.5656 -0.1018 
0.0346 0.5656 -0.1018 
0.0333 0.5673 -0.103 
0.0333 0.5673 -0.103 
0.0345 0.5713 -0.1036 
0.0345 0.5713 -0.1036 
0.0421 0.5621 -0.1052 
0.0372 0.5656 -0.1076 
0.0366 0.5673 -0.1083 
0.0372 0.5713 -0.1089 
0.042 0.5753 -0.1108 
0.0435 0.5533 -0.1118 
0.0421 0.5699 -0.112 
0.0439 0.5533 -0.1133 
0.0439 0.5533 -0.1133 
0.0443 0.5582 -0.1137 
0.0443 0.5582 -0.1137 
0.0437 0.5631 -0.1169 
0.0437 0.5631 -0.1169 
0.0473 0.5527 -0.1215 
0.0473 0.5527 -0.1215 
0.0449 0.5678 -0.1229 
0.0449 0.5678 -0.1229 
0.0466 0.5631 -0.1246 
0.0026 0.5997 -0.1258 
0.0038 0.5846 -0.1265 
0.0038 0.5846 -0.1265 
0.0495 0.5527 -0.1299 
0.0472 0.5678 -0.1302 
0.0114 0.5845 -0.1308 
0.0114 0.5845 -0.1308 
0.0434 0.5745 -0.1329 
0.0434 0.5745 -0.1329 
0.0042 0.5846 -0.1347 
0.0887 0.4848 -0.1372 
